’11001000 11101 0 001. 1101011111 (21 111 18
Τηζὶῖιῖῗῗίιέ00010111100, 00100010 Τηοἰο-

’1100100111 00 1000000 1101010100 111 11 1

Τ10010011 Zygmunt surrogat 1101011 111 11
Τ10011100011 1150

03101 00000111000015011011 st. (101111

Το1010 1072, 1001, 1150, 1201, 1283, 1288.
1207, 1332, 1341,11 10, 18, 23

- 01011100 1118

—handel 111 7

- 0000111 1 0111010111 8

- 0101100010οιεή0100 1128, 35111 34, 38,

-1000 1000

- 01111011 1072, 1320

- 00100 nn 0101010 1210

- 0111111111οί 111, 01111011, 1000150000,
1400111101 110000 1011011011, 1111101010
0001100, ’11101000 0001100

’11000011 80110011 00000111 Prus 110100.

11100110 0100 11010. Ρ11111011000 000 Na·
110111 11 17

’1001000όο 0101 οΖ0111010000011110 1321

10100111 11110010 0 001. 000Ιο011111 11 4

Tylicki Piolr 001101010 111οΙ11, 0101100000
001010100011,·101101111 1110100011 1075.
1087, 1080, 1001, 1007, 1107, 1111,
1123-4, 1127, 1131, 1135, 1138-0,
1142, 1144, 1147, 1140, 1152, 1107-8,
1171, 1200-1, 1210, 1345-0, 1302-3.
11 10-7, 27, 34, 111 38, 08

Το10108

0011011011 1285

0110010010 1101010000 ob. Zamoyska
0 01110010011011 110101001ιο

- Ρ11001101011110 ob. 1100000101οι Uhro-
010011011 1000101011ηο

0110010011 1010010011) 11110101110011101
1011010100, 101111ἰο110 010001, 00001010-
§ei 110100011 1074, 1101, 1111, 1135,
1107. 111 15, 18

-10100100111 11700100 00010100101
0110110011 1090, 1154, 1302, 1302, 11 4
- 00001 00 Ρ1110 0 000010 110011510-

wia 1212, 1210

011010 (03010) 0101001οο 11101100. w 001.
00011. 1272, 11 17

— 01010010 ob. 00110 8011110100

01101110 1088, 1000, 1208
Vinia Belizariusz 0011101010 1010000000
W. 1010010 Το010110 1304

483

10011011 11101001 1317
1110100 0101001οο 0 001. 0000000110111 17

, - 01010010 ob. (1001010011 111οτ001111

1001010031οι ’10οι1001101 1110110 11010010

1 1170000011 11101001 10001010-11 0100101011
1010100011, ’1011500011 8100101011, 100000 ’

1110111110-10110111 ob. 1101111011 Ρο001,
1000111101 011. 001010 11101001, 0011010-
01111 01). 8001001111 1100001

1001000101 10011100 1111εο0000010 0011101011

1110100000 1070-7, 1080-1, 1083, 1032,
1118, 1120, 1210, 1221, 111 2-5

- 0011110 1074, 1200, 1201, 1205-8, 1210,
1222, 1220-8, 1231-2, 1230, 11 2,
5-0, 10, 34

-00111010110111010 nn 0101010111 31

- 010ὴὶ010100 ob. 0000100001 3101110100,
10001111 ob. 0000011110 Ρο001, 100110·
1011 oh. 1100001011 1110101001, 010010
01000. 00100. ob. 1101110011, 010010
01011011 00100. oh. 1110100011 Wu-

wrzyniec, 0100010011010111010 10100
100100001011 31011101ιο 10011110 07

1000010000 0101 000 Szarymgrodem 111

10000000 0101 uad 100110 1254, 1256,
1204, 1277, 1281

1000110100 10110101101247 ,

- 3101110100 0105100101 1247

1001001 11110100 iona 010. 0010011οη00

10000011 - 11111110 011. 8011001100 0110,
01011010 011. 8010111100 10101, 1001101011
ob. 3011011110 10101, 0100100111 ob.
Faremhach Jerzy, 01010010 ob. 010010-
101 010100

10000010 1080, 1100 1282, 1287, 1204,
1304, 1308, 0 8

- 00001 011. (111111 1110101101

100100000111011 15001 1110100 11100011 11

Weselenyi Franciszek 00 110000 01010010
100010100011, 0001001111 Stefana Ba·
turego 1103, 114

10001010001101 Sebastiam nadwomy 00110-

1010 1 00001 arc. 01110010, 10000 000.

1001111011 1011 11 0

1110010 1001, 1120, 1150, 1250, 1252, 1255,
1278, 1283, 1285, 1332, 11 4, 25-0,
35, 1114, 38

- handel winem 1355

11000011 1100

1010111 11110010 0 001. 0110501110 111 30

10101110 11111 11 10, 111 38

1010110001010 01010010 gen. ob. 000110011
11101001

31*

 

