xl

11 ’15115 (0511155151, 1155111111 oo. 1551111611 11 11511115(15151151115 w konwenoie
1151515511 55. 1555115111071515 55111151 1151115515 5115115151 1515111115,
55 nie 1515 1511511 115551151 1151115151, 551 11151555515151 5111515111 1511111
5155111111 nie 5151551 515 5151555 1151611515Ζ511515111515. Dotyezy 15
5111555555 5155115561 5511115111511, 11 11161155 51115115 5115111115 5111511515
5511555555 1511151111 15115515111511 1151511 1151515155, 55 5151111551 jego
bliskie 5155511111 5 5151151551 51511515515111111, 1111515 515 1115551 niz 15111115

0161511 11555511115115 1111151151 15111511115155515 151111 88 15111511
11551511, 1115 115555 111515 1151111, 111115 uwzglqdniono 5155 55111515 1151511515
15 1511511 15155155 1 51115115111111.

Wobec 551115151 1551511515 55 rol< 1589 zdecydowano 5151511511 111151·
55111 5515111515 1585-1588. 55111515 on 115511 29411511, 35 5111511 poli-
11551155, 51 5111611 1115111155 15515151551511, 5155 8 15515111511151611, 55111
155511 388 11551511. (11111 15 1551111515 15115515 1511511515 111515111515, 15111
11551511 85515515 555151 1511151115111515 1. 1904 5151511 1000 5111611
11151511, a 51115 15 5551515 15 r. 1914 15111551555 15 515 8000 11551511, 15
5555115 11151 151115155111 uwzglqdnieniu nieskatalogowanyoh 515511511511
8151151515 011115511 Ζ51151511151 1 po 1111555115 515 500 15155155 11551511
1515151151 111151511111 5155111555 5511511551155,5115111511151115 11555115
11551511 151551555115115115111511111 w 5155111511 51 9000. 05151111, 55
1151511511 115115151511555 5 Β1511515151011115511Ζ51151511151,1151551151151515
1151515155 5 15155 5515115155 5151511115 11511555155511555151511» w 51551·
115511 1115151155 1 5511511551155 5551511 5 11515ςὶ 15151151 (11115155 51515-
51515551511 1555111115115 8151151511 1151515151 w 0151555115).811515551
111511555555511155 55151555 15111555 5111515115 515 55151115 1615 11551511,
55161155 1151611 jak i innych 15151611 (1511151155 bez 15155515551111151151Π
1 ΠΙ), 15 111511115111511151155511515 515 15151 1151151 1511555555511515
planu, 551511 Archiwum 511151511551 5151122-23 1511555, 5511111555515·

15511555555 515 18 1511111 15 11115115 Wprawdzie 111511151151151511151-
151511 111555115515, 1155111115 551 0151515111 55151155 1151515115115,5 1155156
Zamoyskiego 115 53151115 515555115 1115 111115 w dziejaoh polskich‚ 515
1 11511555551155, 15 1511511 115555 515 115515 5 15551111 115511151515111

w 1515151115115111611 1 51 1115111551511 1 1151111151 5 5111151115 poprzedniego
111515 1115111555151555115151 5111551111 55 551111 11515 55115151 155111.

 

