Spis 031111 1 3031300110011

01111 0133013111 11331311 1131611 1311 311611. 41113 1100110133 111138 numerem 0111301033
311 11011111 11. ,1113 11131133 1 1031083133 01-113-01033311 0011111 111, 131 11083111 013111 8.
113313 2311101311, 0013113, 1310 11111 011310 103131131003 sie, 0133101030. 06113131 0113-
31010110 1131111 1313130013313103111 Ζ311101311310, 13111313111101131111111 13110 11101313113.

Alamanni Dominik 130111313111 101. 1091

11311-(013103113 11131 chana krymskiego
1072, 1288, 1288

1111130111 81183111 1311113 11133111 1148,

11181110ξο81 411111001 13181331 legat 1295,

1303, 1313, 13111-10, 1311,1311-30, 1
1331, 1331, 1333-1, 1311-1, 1311, 1

1858-4, 11 15, 84

1131333831· 1161 1101311 11 4, 5

1113131 83 0113111133 110131 3118011111 20

111033 11 13111113 8311311 1800

111111 1150

41113013 8 8

1131110130 131331 111118. 113113380 1208

11313131 111 331133 1313011 1072, 1281

,130311 Μο113 10111311 w 3131031313 801-
1130103 111 48

,11111113 d. 8

-10018311013 1011111. 113381. w Elblqgu
1100, 1104, 1118, 1144, 1108, 11 1, 2,

— 31033311 1 0013111 1881, 11 10, 20

·- ob. 81011313 ang„ Harborne william,
11318311 John

Anna sagiellonka 1115, 1225, 1288, 1248,
1858, 11 4, 8, 18

Anna 1311133 1131133811, 10113 (10013183
11310313 1228

Anna 06113 00013183 83111313 011. Ra·

8111101013 z 8311131611 Anna
1303 1173161133 3103113 2111113313 111,

,1111031041 1 1131131 31111333110111311311, nun-

Antoniusz 11 5
1111113011101 813031011113111 0111011 111 18

= 113133 (0131 011. 1313130031

11331 8 7

,1331311318 (ab Aurswald) 1311 1101183111
Ρ133 831111. 1070

13138311 1282, 8 8

1131133163 1111111108 81131333131 1124

,13131 81183111 1111136803 011011011
w Prusiech 831111. 1288, 1280

1331113 1285, 1881, 110, 14, 28, 85

831013, 11111131, 31313230101311310,11311· -
831 1131331011 11113313 1855
83131133 (1383011 1091

’ 8331113111 1282

831 1313310 11 110111080131113 1088, 1118,

8313301311 ,18331 83113131 woj. 110111311-
3111310 11 11

8313301311 1001013011 3311311111 w. 101,
potem 108130013111 1 1111 1113311311
1075, 1088, 1080, 1091, 1098, 1109,
1181, 1185, 1188-0, 1148-7, 1182-8.
1187, 1189, 1171-2, 1280, 1272, 1287,
1208-8, 1804, 1808, 1827, 11 2, 8, 17,
18, 27, 88, 84, 111 88, 8 8, 7,8

83113113 11131 1108 Wiszniq 111 24

831131 18310131) 133 0111113131 18311311
1 1311101311, 1311130131311133013133013-
113 w (18311313 za 11113 1078, 1117,
1122, 1104-5, 1188, 1218,1248,1825

-11130 11 (18311313 1290

0130 111. 1111, 1100, 1101, 1110. 1 -3113110113031111

1220-1, 1280, 1248, 1258, 1201, 1285,
1820, 11 8, 10, 12, 19

-- 31161 1 (1838311310 1120
83110133 83 8310133310 11 28

 

