111

101001 1101, 111

1000001011 17010010 01000 10000011000

1001011 100 1001 000011 1 7

{mk - 0001000οι 01. 8000 1111000010 10

1000111 0110001100100010 0100010111101,

10011100 0010000100 1118

10011 8000001 0001000, 1001000010 1110

100000 1101000100 0100010 101011 111 10

100000 11100100 11101010πή1 10101010 11010
1 110001000 111 10

10011 Μο10110001010001006101000 οο·
0001011000 11 11

1100001011 1170101001 111 01 ’

1000000, 0100001000 1119

- 0100010 01. 1000001011 80100000 80-
010, 100000 01. 1000001011 100 80010,
10000 01000011 01. 1000001011 10101

010, ,000100000 01. 1000000011 100,

0010100101 01 1110000011 100

10100010 00 0110100100 1101000 111 11

10100011 1110101001 111 11

10010116

100100 00 10110010 1118

- 01000010 01. 101010001011 Mareia

10010100 00101 w 210001 0101000110] 111 10

100100 1161, 1161

1001, 00101000101 1176

- whdyctwo 1011

-110100 01. 1100ὶο100011 11000001, 010-
00010 01. ptumi 1101000100, 0010·

’ 1010 01. 11000101011110010101010 100,
Το0100101 (10001 ·

1000000 wios 200οο011000, 0010011
0110010111 16

Lukowa 0101 w 110000 0000001011ιο, pro-
1001000 1011

10110 0110010 1 0100001οο 0001000
w woj. 1010101110 1171

Lysa 0100 1010 0001000, 0ρο01001000-
10110010 1071

.. 000101. 1001001οἰ 110010] ’

1100011000111 11 31 <

110010] 0000101010, 10010101 10 korony
pol. 1199, 1210, ΙΙ 8

Machowski 100 00110100ηο 0001000100-
011, 0000001100 00100110 0001. 1188,

Maciej0wski 11000001 10 100111 1319, 1 8

110100οι1 Ludwik abp trydeneki‚ 000101-
tor Niemiec 1191

1101010ῑο 1100001001, 01000 Zamoyskiego

Majkowioe (Mojkowioe) 0101 w 0002010-
0010100, 0010010 0010001011110 1101

1101100100 wie& 00 11010010 1089

1101000100, 1100100100 wid 001 1100110
vom 00 1110000001 11 11

mmmmm 0000101010, 01000 0000, 000
1110, 1110, 1111, 1100-1, 11001101,
1167, 1271,Ι 1178, 1181-0, 1101,
1107-0, 1100, 1111, 1000, 1001, 1011,
1000, 1008-1, 1011, 1017, 1010, 1001,
1017-0, 1000, 1006-11, 1010, 1010
1061,118,1,11,11,19,10,11, ἏΙ

-100000010 100001010 1111-1, 1111,
1119-11, 11106, 00

- 00111 001 1100100000 1100, 1101-01,
1111, 111 00, 00

- 0100010 1110-7, 1160, 1170, 111010

- 000000 (110110 11 11

- 01000001 10 100οο011000 11 01

-010000100 1108, 11 17, 00, 01

- 00000011 1000010110 11 11

- 00010001ωο1100 0001000 1111

- 10001100 00101 weg. 010 11000001πο
11010010, 00001 01. 10011001001 xm·
00101, 0000000101 01. 21000110 00010001,
0010000ιο 01. 0101001011 Pion. 00100·
1000 01. 110001000111 1001001, uerber-
01010, 11000 1000110001

Magzymfflliuaua 11 000000 1110, 1110, lm 11

11011001, 1001101 001010-0101011 11 1

- 00101000101 01. 2000001011 8100010100,
01000010 01. 00100010 100

1100100 1006

1100010 81000, 0001000000 00111 v 200ιο
1010 1111

Maria Eleonora 1000111000110 1100100010
10. 0000101000 1116

Μο01001000 w 1011001001- 01000010 ob.
Pekoslawski 3100101000

1100001ἰο 01, 0000000 ,100 0 1110000111

Marszowski 100 00101οῐ0101 10011011 1111,

1101000 0101 w woj. belskim 1099

Μο000010 Μο0011 kupiec zamojski‚ Gre-
0000 1301

110οο0000 - 01000010 gen. 01. 11000101 Sta·
nislaw, woiewoda ob. 11000101 810οἰ-
0100

Mam de 01. Canobbi

chzka 8100101000 00000 biecki 1089

1100110001 10000 1001101011 11 23, 21

Mechmet-Girej (Muhammed), chan 10100·
011 1071, 11130

Μο010101-Νο001 00001 10100011 11 11

Medici Eleonora 1000 Winoentego kg
1100101 1301

1101101 10010000101.100100001 Medici

- Franciszek ob. Franciszek Medici

1100000 0110 1000010100 000101, pose} <10
10100000 1163

 

