110100 1000111111 00001 (1011011 1197-8

11010101 801001 100100 30011011 1312

1100010 810010100 opat Jedrzejowski, pi·
sarz, 0001010010 1216, 1282, 1287,
1203-5, 1301, 1300, 1318, 11 18, 21,

110110100- Maciej 0011001000 30000111 1183

110001 11110010 0 13010011 0 7

1100100011 Wojciech 100010100 0000000-
011, 01000010 00000011 1082

111110000ιο00 011001οι0010 01010011 111 17

1100111ῗο3040 0101 0 0101001010 3000001110

110000 1329, 1361

11030100 wie& w woJ'. 00101110 11120
- 0 1110010011 11οό1. 111 21
- 01010010 00. 1101011 300

11οο0010003 wilhelm 00000100000300010
101000 00001100 1327, 1311

11001ῗῶῑο - 100010100 00. Koniecpolski Mi·
⁸]

80000100011 1110000110 bp 10000011 1253,
1311, 1351,11 12, 10, 08

11000 01010 woj. 00101101 111 20

11110011 11 000010 1089, 1991, 1196, 1220,
1252, 1259, 1201, 1271, 1277-8, 1283,
1286-8, 1299, 1301, 1307-8, 1316,
1320, 1321, 1327-8, 1330, 1332, 1331,
1337-8, 1310, 1312, 1351, 1350, 11 9,
10, 15, 20, 25, 35,111 38, 08

Rue, 0010οό00100 000110 1089, 1131,
1135, 1150, 1191, 1285, 1311, 11 1, 18,
35, 111 35, 36, 38, 07

-mmssmfflss

-000101001000 1329

- 00000 01000100001000000 1203

- 00000000 00. Firlej 91010, 11010001
01110100, 8100100011 Μ1110100, 2011100-
011 810010100

1100011 (Fischhausen) 0000100010 00 Za·

lewie 0111000111 1280, 01000010 00.
00100110 Wolff

11000100 1100000101 1078

11030 1273, 1310111, 18, 02

- 0000101 1317, 11 30, 33, 31

- 00000000 1180

- 0000 z Ρο1010 1315, 1317-8, 1350,
11 30-1

- 0011101 1192

- Ζο0100011 00000 1010010 1103, 1315,
1317-8, 1350, 11 30-1

-00011110100 00. (11000 Marci-n, Meppen
0110, pose}¹ do Polski‚ Freifag Jan,
Hilchen 110010, 00000011 100, 00000

00. 110101, 11000100 Εο0111010,0011001
01). 11110000 110010, 10001101 00. Frei-

479

103 100, ’1000001110 1100001, 00000011
00. 0000000111 000010

- 011000αο1110 00. 00111001, 8000011100-
sen wilhelm

1100100011 810-010100 deputet woj. lubel-
01103011) 11 11

110101οη0 1111

11000010 wie& 0 000. 1000101110 111 18

110000οο0 0101 000 2010οὲ01001 112,111 17

1100000011 11001000· 1001030100 1075, 1091,

01011111410100011 1100, 000, 110-0,
1339, 11 25, 11138, 08

110001 1083, 1198, 1118, 1126, 1155, 1175,
1196, 1201, 1282, 1287, 1291, 1293-5,
(112977, 1301, 1300, 1313, 1351, 11 18,

8000111 Daniel 0000001110 3010οο01030
- Ξ1Ξ3ΞΞο00 000000οἱ0 Ζο111000111030

800100011 101000 1115, 0000001οο 0 Ja-
0000010 01

80010000 1100000 0000100101 0001010011,
0010010οι ,111110 303. 1213

80011001 0110010 0 000. 10011111 1120

- 10ρο 1172

800 000100 1111010 1128

- 010 pod Krzeszowem 111 17

San Clemente Wilhelm di, 00001 01000011-
011· 0 Polsce 1209, 11 35

80011010ίο00 1002, 1311, 1820, 111 17

- 0100110 1131

- 0001001οο 1 010000 1091

- 1110001100. (10111011 19ιο0000100, 10·
0010100 00. Το0000011 810010100, ku·
01000 00. 1710000011 1011, 01001001οο00
00. 1100000011 1011, 0100000000 ob.
Bech Maciej, 800000οἱ0 Ρο001, 00000
00. 600300οο100, 01000010 00. Firlej
Andrzej, Ρο100100011-8101110100, 00·
000000 00. 8001000100 8101110100, Te·
00011011 1011

801101- 1011010100 00. 1100000 1011, 1100-
0011 300, 8101110100011 00110100, 010-
00010 00. 01010001 30000

80010110 80110011 00100000 0000010111.

- 3001700001 00 0100100 1157

- 1000001001οτιο 111, 01000010 01011101-
011 1098, 11 30, 111 38

- 01110100· woiewoda 10111011 111 38

80001011 01110100Ι 110

8010Ιί001, 0101 0 0100001010 1011110000·
1111111127

 

