8010115101111 Wilhelm 1110111 101111 11 34
80111 1011110 w Niemczech d 7

80111 1250

- 11110111 0521511011011111 11110111

80111111 110 1 7110006111 1010110111
1001101111111 111 38
80110011 ,110 5011011111 11511111 11 2

81011οο11 Anna 05. 800101001111 Anna
ze 810110111111

81011011181111111111 1139

⁴ 8111101110 1261

8111101011 Samuel 1249
- 8110111111 «1111511» 11 2011010611 1135,

1249-1, 1304, 1306, 11 17, 111 24
- 8110111111 1110111110 11111111 111 24

8110111111 -1 1110111111 011111111010 0111-
1110111111 17

8110111111111 1111111111 011111 00100, 001-
0111 1111111111 11110111 1120

8111111111511 Μ1-101111111 1075

81111111 (8111101111 811110,1010111111 1081
8111011115 111 4

8111011151111 1211101115 5111110 1511011111

81111110 Paulino 1111111111 8160511081-
01100, 11011101· 01111 1337, 1341

811110 111101 110111111, οό10111 1011111-
11012) 1091

8111011 0111110 0161111111 11 1101. sando-
0111111110111 17
- 0111111110111 05. 1111111111οο0

81050101 1810001111 1111011110 0111110110·
111 11 1101. 11060011111101 1135

- 11110111 05. Τ11110111111 8110111111,
2501011111 1111

8101111111 1314
810110 0111 1101001101 1102

8111115010,111011 81111011 1102

8101111 110111111ηά11 111. 1327
8110110111 1111001110 111 1111111011 111 11

811111Ι ,111115 1011011111, 11110111 1501111-
- 5155111 11815111οω111 1011011111, 11110111
0111111101ὺί 1 1111101111 1090, 11 18,

ὃῑῆῗῖαθξίοπ 1111111 11110111 11101111

8111150111 1111111 6

811111110111111 111115 111 50
sturm 1111 01610011111115111111 1102
8015060511 110 111 11

-1111011101 111 11
-- 1511111111 111 11
- 8110111111 111 11

1v

481

810111ὦὲ15111 Florian 11010111 0111010111

801510111111112111 (811ἒο11111111100011 11111011·
S 1

80111611, 11111101 1011111011 0111 Ρ11111
- 815131 05. Fabio Giorgio

80111 11 35 ,

8111111111, 11111 21000111100111 33
8011011111 1251

811111- 11110111 05. 11111111 110
801111101111 1217

8010111 1332

80111111 V 010111 1118, 1155, 1175, 1196,
12011221, 12231253, 1261, 12651282,
1287, 1291, 1293-5, 1297, 1313, 1319,
1324, 1327, 1329, 1332, 1337, 1340,
1353-4, 11 12, 18, 117

8111111 0111110 w woj. 1111111111111 1231

8111110111 8110111111 1101111001 1111110-
10111111 1118, 1193, 1288-9, 11 10,11 3

- 0011111011 01111110 2501011111οι1 1 Za·
0100111101 1216, 1220

8111001611 11111110 10101001 01111 211000-
111110 uad rz. 1101115111 1115, 1118,
1318, 111 26, 28-30, 38

- 0101111011 011. 81100 11111111

- przywilej 111 31

-111110110111011 111 15

81111010111 8101000 111111110 10011101·
1111111111 15

81111511111111 01111111110 11111 1111οη101
11211011 6511011111 1160, 1321, 11 20

8111110111 1111101111 11 10

8101111511 1111, 5111 1111111 111 4

- 1111111 10011011 011111 11101111101111-
011, 1111111111 1161. 11000111 111111111-
1111, 0105111101 1106001111111 1170, 1111

8111111111 111101 200οο111100 1120
Szcffilxal 71111110 mieszczanin 11101110111

81011 110 111101 2100011000, 11110111
1111111111 1087, 1302-3, 132211 1, 6

81036Ρο0111 11011 11110111 01011100111

81111111 1089, 1118, 1127, 1158, 12251232,
1294, 1356, 11 8, 10, 35, 117

-1101110111 01011101115 1094, 1110

- 05. 81151 Ε101, 111151 (11111111, 801111

1
81οᾗ 1111111 0001111111 11 2101011111

8101000οο111 8101000 00111 1284
8001000 1 81111111 1284
8100111111 11Ρ11111115 1118

31

 

