001111101111111011111011010 0011111οἰ, 101-
01111000 1110111110 1226
Giinther, mioezczanin ryski 11 31

1111111101 010101 1361
1111101 - 111111110 oh. Herhurt Mikolaj
1 1111111001, 00010010110 oh. 1111111111

11110111, 11110111 011. 81101111111 Μ11ο-
111, 1110011 8110111111

01ῗὶ1101ἱὲ1101 11111 000 8111001οτ001ῐο

111001111101 11001110· 111111111 arc. Ma·
ksymiliana 1285, 1308-9, 1317, 1321,
1327-8, 1330, 11 23

1111011112

1111150101 Ρ1011 0011100 Moskwy 1157

1111110101 (1111111111, 1111110111 Wiliam po·
101100111111 1111001110100000111 1331,

1111111011 william 011. 1111110101 William

1111010111ἰο 1101011010 11110101, 1111111111
1101. 1089, 1138, 1263, 1275, 1287,
1291, 11 31

-101111011111 1091, 11 5, 0 7

- 00111 00 (1010111 1185, 112

- 00111 00 1110111101 1119, 1113, 1115,
1185, 1212, 1219

1110101111 1111110 1091, 1181, 1295,1313,
1358, 11 1, 5, 8, 10, 111 38

111111111 william ob. Harborne William
11110111111000111110. 11111010111101 1237
11110111 John 00111 100111111 w Polsce

1100, 11 2, d 1

1111111111 110 111111110 11000111, 11110111
0111010111 111 21

- 100 000101001ῑο 0111100111 0 6

- 1101 8111111001 01101110 11100111 11 1

- 110 111111 111 21

- Μ110110· 1 8111111001 000101001ιο
0111100111, 1111111110 11111011, 1111111110
0111100111, 11110111 11100111 1089,

-11110111 000101001ιο 11111011, woje·
0000 00001111, wojewoda 111111 1135,

- 11110111, 100 1111101111, 11111. 11110-
11100 06

- Ρ1011 1091, 1172

1111001100ηο 11011101 ob. 1010100011
1 1111101100 11011101

11100 1110111 100100 00111111 1100

—Samuel 100110 00111111 1160

11110110 1111110 1111111111 10111, 00111 00
31101100 1163

-0011100 8110001111οο (r. 15881 1315,
1317-3, 1350, 1130-31

409

1111101011 1280, 1282, 1291, 1321, 1332,

-ξ1111111ῗ11 1101101 1313

11011101011110 und 810101110010 111101,
00111 110. 8110001001 11 8, 35

11010001101011010100 1128

1101111111 11110010 1011011111 1101, do·
110001 8111111000 1229, 1211, 1210-52,

Horlaei3c⁰y2 1213

1101011011 11111 000 Ζ1010101101111 13

11011011 811011111111000111213, 1282

1110111111011 - 11110111 011. ’1101011111 An·

1111εά0111εο Eberhard 11101 10111, 00111 00
81101100 1163

101111 11001111 1 111110 1131

10011 0010101111 0 8

101110101089, 1091, 1191, 1313, 1318111,
6, 8, 111 12

-101010011011 1091

-10101111 1101. 1273

-10011111 001110-11010111 1110

- 0001111 1 1111111 11 16, 18

-1011110110 101111 1180

- wojny 0 10111010 1091, 1357, 111 36,

- ob. 111 110010 110111, 1101011, 11111-
11111, 11111010, 11101, 1101101101, Kur-
110011, 11111111, Ρ1011111, Pal-nawa,
Ρ111011, 11001, 8111010111

- 010. 1001111111 1161. oh. Kos Maciej, Pe-
1011011111 8110111111, 1010111111 ob.
Ρ11101101000111111111111, 110111 1011001·
11 ob. Ρ11011111 110100, 0101111011
011. 8101111111 11110

1001100101 -111111110 ob. 81011010111
8101000, woiewoda 011. 80110111 110

1111100111]Ι (0111001111, 0111101110),
chan 10111111 1073, 1283, 1288, 11138

11110 010100 1157, 1331

1111000101, 11111 w woj. 11111. 111 10

1111100111 Anna z Zumoyskich 1111 ”

1111100111 11001110· 0000111ιο 00001111,
1101011 111101 0001011111, 0001111οέ01
1111111 1111, 11 6

11011101, 00111 Ζο0100011 1, 111 3

11010110001111 1235, 111 38, 07

11101111 110101 w 001. 8110110110101010

1 Jakuh ksiadz 0111101111 w 1111011111 1111
,1110501101 11111111 Kaffy 0101110111 11-
, 1001111 1117 ’

-0110111111 01 1151011011 00111οό11

- · 101110 1111111011 1118

 

