188

0011111 1101011110 1000011110 1270Ὶ ’

...j. zakupy 011110010111 (01011601111260,
1270, (101011 1302

- 1100 31101000 1186

-1011111112

- 1001110010 210100111οε0 1 0011101010

- ob. Franciukanie ,

- 00110010 mint· 011. 1101010111 10110,
’1110111010 110, 11100 011. 10011110 1100·
110, Linde von 001, 110, 1011011111 011.
11011101 1110101, 100001 011. 10011110
1100101

001011,101011011010011. 1111101 1811111011
110, 80101010 10110, 80101001 31010011,
001101, 0110001 10110, 011110101011101,
110γο Daniel, 110γο Samuel, 110111 111-
10011, 1100101 11101111, 11110 20110101,
1200100 ’10οο01, 1011101111 10101000,
1100101 1111001, 11011101 1610101, 800 10-
rzy, 801101 8011110

001101 0110110110ἰο 0010111, 10010011 00
116111100

0011101101 2100111111 00101 110. Ferdy· ⁸

01001118, 36
0011101111 011. 01110111
0011111 (0001111111 110 1111011010 111 30, 41
01011 1111 gubernator Siedmiogrodu 1343
0101Ιὶ011 111101 7101 00111111 111 30
01010 (0110) 1011010 6011011111 10111 1102,
- 16101111 1283, 1275, 1280
- 10110) ’11001010101101111 1161. 1345
0110001 Jerzy 01101ιο11010 1010111 1180
0111 1100101 101101111 8110. 06111 1261
01101100, 1161101100 0 0

0100011 010 0010 1320, 1327-8
0111011611 111οἑ w 1101110111101111 11

0010100 1233-4, 1258, 1312

-1110101 011. 0110100111 1111, 1111110110
011. Zborowski 010, 0101101101 011. Ty·
110111 Ρ1011

0001011111 10001101111011010111 17

- 1111111 1104

00111011 (ffigki) 8110111111 11111011 00100
or.

Golyfiski Pakosz 3010110 jezuita 1287, 08

00100110111 10011011011011-11 1161, potem
00010100110110110111 1091

- 81101111111010111101010011, 0101101101
0010111111, 1100011 1111011111, 061010]
1111100 110110010011 110. 1131, 1253

0001101 1001011110 111110 8111100011)1
0011ἶ111-8ἳ1011110* 1100011 0110111111 1077
0011111111 110 11131 Zamoyskiego 110
-— 8110111111 1089

00110011ογ 1117

0011001111 1110100101 1111101αο 1111101111,
11110111 0110011 1266, 11 17

-110 1111101ιο 1111111 11 30

- 8110111111 1 1010010 humeln 10010

01011111, 11110111 rami, 1101011οὺ
100011 1131, 1213, 11 10, 30, 111 38
00111011 wnvmyniee 110 menidi,
0110110 11010011, 1100011 11110010
1 110000101111, 0001 0100011111Ὶο,

1287, 1204, 11 11, 111 38, 0 8 ·

0611 11301362

0611 1111111111 1074

06111 1001101 1111110110 10100101ιώ1, le·
0111111011 1100100111 0 4·

- 8110111111 woiewoda 0011110111, m
111 11111 1083, 1180, 1103, 110-6,
1216,1250-51,1253,1261, 1272, 1276.
1286, 1312, 1316, 1361, 11 17-20, 23,
34-5,11125

06110011 8011001011 8000110011 voi*
0001101 0011110111 1276

06101011 1111111 1103, 1341

- Ρ11101 1100011 01100111 1 0111010111
1103, 1341, 111 15, 0 6

- 111111 210101111ηο 1120

01111011 wie! 116

0116011100, 0111110 w woi. 1101111111 1172

- 11110111 011. (1001110οά1 01011

01111001οο11 11011 1100111111 1104

011111304151111 0111110 11100011 10111 1102,

0103010010111101 1100001101111 111 17
0101 10101111 011011011010 10011111 1120

0111112190101100100101 0000011 w Rzymie

0101000310711,ί]115119,1150, 1347, 11 4, 33-4,

- zgon Stefana 111101ος0 118441

Gros Henryk 011011011010 1110011111 ἰ 111-
0100 1351, 111 40

0101 81011101 011111 0101110111 1208

016001 000 Lwowem 1111011110, 0101010
Zamoyskiemu 1111, 24

016001 (0100011 10111100110 0101101110·
3311010 1011Ξο Smotryczem w woj. podol·

0111011101 1111011110 11 17, 28
01100011 11111 000101 1118, 1155, 1190, d. 7
0111101111111Το01111 1011101111 1111111001-

, skiej 1155
² Guise Henryk 1110101011100111 1295

0111101110 1205
0111111 8110111101 011. 001111 8110111111·

011111ὥ1ξ111 11100011 w 00111100 1100101ιο

 

