404

Wielopolski 1268

11101116 1261, 1206

·- 1110111011 6101111111 1249

- 10111111 1264

-110101 1264

- 1101011 1208 „
-106110100111 06. 110601100111 10111

Bon, 11110011 06. 1101110010Ῑή1 Ale·
11111601

1110111100 11011 1116 11611 1011 Ζ110010

1111011110οε ,1011010 0101 0 210101 chelm·
11101 11120

11101106110611110 11101 1111011οι 6011110·
go 1177

1110016111 01110011 1060110101 1111-
mimi 11110

111111 0101· 106 6101111001 0 1101. ma·

” ι101110011011110

wilhelm 111110 much-meve 1146 ζ

1161100061 11110111 6110111001 011 No·
006οό1111 69, 41

1111110 1192, 11111110

- 1111101) 06. 1116110111 10111, 11110011
06. ,16010011 6111111110, comica Ρι-
1101, 210101100111 16110011, 1111101111
06. 0101100101 1111111061, 11100611011
111061. 068061111101 11106101, wo·
100061 01). 11061101111111111101, 111611-
0111 11110111· 011101

0111100011 111110 1110101 1604

-111111 11 ,2101010111 1170

1110111011 0111110 11 11016110110111-01 1292.

- 11110111 06. Strui 10111

Wirzbinius 1001111111 10611011 61101010

1111111 110111, 111110 1131, ΙΙΙ 69, 41, 50

11111011 0110110 w 001. 11111110 111 21

11111101 0111110 0 001. 1106010101111110

-1110011 1264

- 11116 1231, 1236, 1239, 1628

-1111110110 06. 111011 11110111

1111611110 11310110 1180

Wloehy 1150, 1287, 1296-5, 1297, 1366.

1110010001- 11000111 oh. 8111011111· 110,
1110110111 06. 7110001111 110, 101011-
1111 06. (1110110111 110

11106011 8111111110 1 Ηο11010001 rot·
0111111, 11110111 61110111 1 1010011111,
1111110110 1001οη10011, 1111110110 1000-

111 1084, 1690, 1116

1111061000 1111610111 1 2100111106, iona ¹

5110111101 1684
- 1111111111 1 1101111, 1101111οπ101 Sa-
100011 Zborowskiego 11 4, 10
117101ιο100100 0101 1106 111106νο01 1320

2111111 8100106111 1111101006 0611110101
0111106111161 1111010111 1076, 1121),
1170, 1666, 1007

-10111101 011101101601101011010 11146

11060111 0101 1106 60000111 1167

2106111111 111) 1106011111 61061011, 110
001 1011110111 1142

1101010011 11011 20110111ὶο10 lm

Wanectko 1000

11010101 - 1111101111 061001111111 110

Wola 01116111 0101 110011 mantici

Wola 8111010011 11101 1006 Ζ111101010111

1110110 1061101 6101 010011 67

1101111· 11110111 00111111 1106010111, 111-

iostankrgepickh 11610101 1011111101 0.
or.

11011οο16111 Made] 11111

1101100111 0111110 0 001. 0011081061·
11111,11’1161222

1101101601 60111061 1111101111 11106111,
11001011 111 1074

. 2161016111 1111 1101101111 11010011, 11010·

0061 101010οὰ1 11 64
1101οα1111 (mmmm) 0011100110
160611 aad Zbruozem 1084
110111111011101 1009-00, 1291), 11 10, 24,
- 00100061 06. Ρ1011 601001, 1116001 11
110110 1084, 1090, 1602, 111 64
-· woiewoda 06. 0111011111 101101
11010001 11111
1100010011 101116 611101) nominat kijow·
szuciefiski 11106 1006011111 6011111 111

1171001110 1241, 1259, 1277, 1327, ΙΙ 18
- 61011111) ob. 10110 1061101
11ηο1100101 0101 11 6

Wschowa 1111000111611 1011110 0111101110

polsce 1620, 1627-’0
Wybranowski Wawrzyniec 1011011111 pie·
111 1302, ΙΙΙ 15

216010 0101 0 001. 60111110 11 6

11110 Μ11010 101011011010 przemyski

Zaldodzie 0101 w pow. krasnystawskim

Ζ111100 1111110111 ll 25

Zakroczym - 1111110110 06. 1116τί01111-
1111 8111011110

-11110111 06. Zielinski Gnegorz

Zalesie 1120

Ζ1100 801011 11 2

Ζ1106160 na Mazowszu 1116

 

