112

101101101111 8111111111 10111110 1121-

1101011 1128, 111 15

·- 1110101100 1178

Kos 01101011010111111 1101,, gen. 10111·
1111 1101. w 1111101100 11141

10111111 1111110111 00. 110111 1 110111-
11100 1111110111

1101101 11101111 11101 0011111 1808

101111 111 1110111 0001111111 1 0011
0111111 1341

- 1111011101 10100001 0011101111 1841

- 8111111111 00010110110 00011111111 1079

1011101111 1072

10101011οη1 w Prusiech 1140

1011010010Ψο110110 11101011 11001110-
01001111180

101111, 111111001100100010 w 11010110-
1101111111111 1823, 11 17

-1111011100 0111101111 111111

10111111 1111110101 00010001 11101111

1101111111 8001111111 1249, 11110

1101111011 84

- 11110111 00 1110111111 110011

1101100 1100101οο 1070, 1080, 11 18

1111101 1987, 1140, 1150, 11701190, 1204,
1042, 12411248, 12411258, 1001, 1201,
1208, 1208, 1272-1, 1278-80, 12824.
1285, 1800, 1809,1812,1800, 1804, 1827,

1882, 1842, 11 1, 11-14,11 18, 20, 80,

111 18, 84-0, 40, 44, 40, 07

-001110101101 0010101111 01101 110 111·
11011111111159, 12201281-85, 1037-
41, 11 14, 28, 111 80

-10101110111 1887, 1841

-1001111 1101111110 111 19

-1011111101, 1587 r. 1328

- 101111 1588 111 34-8

- 10111111 Zborowskich 111 10

- 1111101110 1091, 1111, 1858, 111 12, 13

-1111011111111110111111 11 10, 11

- 11110110101 1101, 1243

- Wawel (dom 1110111011) 1110

- 10]·01001110 1111110111ἰο 1100110 Za-
moyskiemu 111 43 ⁴

-1111011 1228

-1100 1172

- 0111110 00.Μο11110111111Ρ1011, 13001101-
1111Ρί110, burgrabia οο.Ρ1101011111 Zy-
gmunl, 0111111111 00. (1100101111 111111,
01101010 00. (3001111111 Marciam dru-
1101100. 1111111011111 111, 1111011100 00.
8110111111 8001111111, Fogelweder 811-
1111101, 6110101111 111, (10110Ιί1111
8111111111, 80111011 Wawrzyniec, Κο-
narski Dawid‚ Leszczyfiski 8111111111,
Ρ1011011111101, 8010101111 8111111111,
snehorzewski 8111111111, Το11011 111011,

2111011181111011101, 1111101111 011 80
101 sewum. 000111111111 00 110110
1101 8001111111, 000101110ηο 011 esto!-
1118111111111,00011110101 00. 101011
1011100, 1110101111 2001111111, 111110
1110011 11110111, 00101 111 seim 00 101·
011 800100,010001101 111001. 00. 111·Ι
1011111 8111, 010001101 fv. 81010ου1
00. Plan 1011111, 100111 11011111 011
0101111 101111, 11110111 00. 100110·
001111 11110111, woiewoda 00. 81111
8111111111, 111110] Mikohj, ’1011101111
11101101, 1001011111 Pion, Zebuydo*
111 Minui. woiewodzic 00. nani 111,
2001011111 1111, 2001011111 11110111, 11·
111001 11111100. 1100111111 8011111111
1-11010011111110100 00111111 1812
1101101111 111 8011000οι10 11110011
1111101111 1200, 1208, lm, 1285, lm.
1810, 1889, 1801, 11 0, 25, 20
1101111001079, 1148, 1140, 1182
- 10111 1180

. - 011101 01100111111100

1111111101 - 0100111101 00. ’1111011111
1111

1110101 1111110011011081010111 1 1111·
bimum 1102

11011 00. ’11111110

11101111 1011111100 1111111011, 1011811·
01111111 1142

110111 8111111111 11110111 0011111110 1111-
101010011, 1101011001 1110110011, 111·
10111 010011 1 0001101111 1080, 1142

1111011101100, pom 11111111 1100

- 1111011100. 10111111 1111111

111100100,1111110 w 10111111. 1081, 1245.

-11110111 00. 01011111 04110100·

1111011011 masto 1110 8110111 w woj. ru-
11111111 17, 18, 20, 111 25

- 010 wodne i 10111 10101011 111 17,

- 11011110 Ζ11110011110111 111 37-8

- 1111101110 1128

- 0000101 011 wodnego ob. Kiwa 111

Krzywczycka PudencJ'anna 1 Uhrowiec·
1100 z'ona Wawrzyxica, 1010111111
0001111111 1144

Krzywczycki Wawrzyniec 1011010 01101111-
ski 1144

11101001 11101 w 111101111ἰο 11101101·
skim 1117, 111 24

1110110 - biskup 00. Ρ111011011111 Ma·
ciej, Rozraiewski 1110101111

1111100111 1110110111111 1110011111 111

1111111011 1288

·- 1111110 00. 11000101 11011101, 6010110
11011101, 11110111 Anna, 1011 (10101101

 

