404

8018361011 0010000110 1101100011 1230,

800111 0101 pod 810011010111 1172
801010οἰ0 111 51

-1100 w 801010 1222, 11 10

-κ- 1001100οί 11 17

—- 0110001 po 81010010 111 51

801011 100110101010001 11010, 10101001,

8011 000 11001011 1172

ι 8011, 0101001οο 111 11, 38, 44
- 810010100 0010000011011000111230 ξ -

- 101001 111 27
-- 01101011 ob. 100101 0101000001, pod

{ czaszy ob. Wozuciefiski 1011111, pod-

01010001 ob. 1011011011 Δ11101101, 0011110

11001111 ob. Kinicki 100, surrogat ob.

1100010101 00110111011, 111ορ0111 0110- Ξ

01100011 1080, 1208, 1217, 1222, 1282,
1293, 1297, 1341, 11 8, 21

- 10001001 00 101001 1210

-100011110110 1101. 1337

-110010100 8111011 1118, 1120, 1150

- 0110001 po 81010010 111 51

—- ob. 20000111 80111010101

801011 80110101 11101 ,10011010 1080, 1216,
1222, 1255, 1203, 1298

- 0110001 po 81010010 111 51

801011 1111101101 brat 11010, 010100 Ζ1Δ
11011010 1190

801011 810100 1101 1101011 1074, 1075,
1082-4, 1087, 1089-91,1094-5, 1097, «
1100, 1101, 1104, 1111, 1113, 1118,
1120-7, 1131, 1133, 1135, 1138-9,
1142, 1144, 1140, 1149, 1150, 1107,
1169, 1172-3, 1191-3, 1197-8, 1201,
1203, 1210, 1220, 1224, 1231, 1249,
1255, 1258, 1281, 1203, 1280, 1291,
1295, 1298, 1300, 1304, 1337,1357-8,

1110111011 21110001, 0010001111 011201·
1100011 810010100, 0010000110 011
2011100011 810010100

80000111101011. 1100 0010, 01000100

j Bergman 10111100010011011 1100
¹ 80100 0101000110 115
, 8011001011 1101010 10001011 01000110·

1

11 1—2, 4-5, 13-4, 18, 27-8, 30, 1

111 4-13, 21, 24, 32, 35-8, 48, 0 3,
- 10011111 1 81000011 11101. 1182
-111001 001111 1 Μο0100 1179
--010011011 1 1101110 0 1
- 01000011 1 8110 1103, 11 31-5
·-10010111001 111 51

ἕ

1100111 1079, 1203
801011όο 0101 0 001. 1101011111 11 0
800110 0101 110 1100101 810010 w 001.
110100011ιο 1203, 1275, 1301, 11 31
8101000111εο 0110010 0 001. 1110001111
81010011001111010101111 1010100100ὶί 1118,
8111101100 (11011000) 1010010 11011 110·
11001 (11010110 1088, 1288, 1288
81001 - 1001101011 ob. Firlej 11110101
- 1010010101011 ob. 800110 8101110100
- 01010010 ob. 111010 11110101
8101011 1000111οι 1100111011 1284
8110011 8011001 01000011 011000010 011
003101011οὴ 1 0101010111 111 49
8101011100 1073
800100110 100101511όο 1110100011οο 1253
80111010001001100 0110. 8010010001 1275
8000100100 ob. 80100100

ᾗ 8010010οἰ00 - 01010010 ob. Zebrzydow-

111 11110101

’ 80110100 1801011100) 01ὶο0100110 0 001.

-01300 1184, 1180, 1187-90, 1105ψο. ³

-1119310010 0010111 1157-11
10110100 ob. Fabio Giorgio Dalmata,

101011 oh. 81100110 11110101, 001101011 Ῑ

011. 20000111 8010001101

801011 Zygmunl 101010 0100011011001111 -

1207, 11 8, 0 7
— 10001001 po 81010010 1100
- 11111010 8101000 1188

-0110001 po 81010010 111 51
- ob. 80100101 1010010100, 0111011
80100101 0110100οο010 00 81111 1072

0000001101011 1 101101101011 1089

14, 18, 23, 20, 34

10001101 1083
8010010 1304
8010100111 11111011 0110011101 ap. 1118
80010101 111111ρο11 kupiec 11100011 1312
80001 18011011 8000110 1 80110 100110-
1011 1101011011, 01010010 1080111110111
1074, 1201, Ill 19
80010011 1110011 grodzki warszawski 10811
8010000000 1801001010101 1011 1011010111

s 10101 0011010110] 1255
¹ 80100100 18011010010101 0101 000 11.

11001110 pod Hrubieszowem 1090

, 80100101 1010010100 pose} 01000110-

grodzki 1188, 11 3

³ 80010810100101 bp Camerino, 00001001
80011 1100101 001101011 1101,, 1110110111 3

ap. 1196

1 8010110011 8011001100 ob. 8110110011 80-
8011 1080, 1080, 1093-4, 1000-9, 1101, ’
1103-12, 1114-0, 1118-9, 1121-0. 1
1129-30. 1137-8, 1174, 1170-8, ’
1180-87, 1194, 1203, 11 6, 30, 111 7. Ι

110011οι1

8100100 0110010 001000011ὶο 1090

-- 001000011οο 111 94

-- 01010010 ob. 81100 10111, 00100000 ob.
21010011 1001101

 

